0
[128, 128]
[163, 146]
128
128
163
146
0
[126, 123]
[165, 151]
126
123
165
151
0
[125, 120]
[166, 153]
125
120
166
153
0
[125, 118]
[167, 152]
125
118
167
152
0
[124, 119]
[167, 153]
124
119
167
153
0
[125, 120]
[167, 151]
125
120
167
151
0
[125, 120]
[167, 149]
125
120
167
149
0
[127, 121]
[165, 145]
127
121
165
145
0
[129, 122]
[164, 143]
129
122
164
143
0
[133, 122]
[164, 142]
133
122
164
142
0
[137, 122]
[164, 140]
137
122
164
140
0
[140, 121]
[164, 139]
140
121
164
139
0
[141, 121]
[164, 139]
141
121
164
139
0
[143, 121]
[164, 139]
143
121
164
139
0
[144, 120]
[165, 138]
144
120
165
138
0
[145, 120]
[165, 138]
145
120
165
138
0
[146, 120]
[165, 137]
146
120
165
137
0
[147, 120]
[165, 137]
147
120
165
137
0
[147, 120]
[166, 136]
147
120
166
136
0
[148, 120]
[166, 136]
148
120
166
136
0
[149, 119]
[166, 135]
149
119
166
135
0
[150, 119]
[167, 135]
150
119
167
135
0
[151, 119]
[167, 134]
151
119
167
134
0
[152, 119]
[167, 134]
152
119
167
134
0
[152, 118]
[167, 134]
152
118
167
134
0
[153, 118]
[168, 133]
153
118
168
133
0
[154, 118]
[168, 133]
154
118
168
133
0
[155, 118]
[169, 133]
155
118
169
133
0
[155, 118]
[169, 132]
155
118
169
132
0
[156, 118]
[170, 132]
156
118
170
132
0
[157, 117]
[170, 132]
157
117
170
132
0
[158, 117]
[171, 132]
158
117
171
132
0
[158, 117]
[171, 132]
158
117
171
132
0
[159, 117]
[172, 131]
159
117
172
131
0
[159, 116]
[173, 131]
159
116
173
131
0
[160, 116]
[173, 131]
160
116
173
131
0
[160, 116]
[174, 131]
160
116
174
131
0
[161, 116]
[174, 131]
161
116
174
131
0
[161, 116]
[174, 130]
161
116
174
130
0
[162, 115]
[175, 130]
162
115
175
130
0
[162, 115]
[176, 130]
162
115
176
130
0
[163, 115]
[176, 130]
163
115
176
130
0
[163, 115]
[176, 130]
163
115
176
130
0
[164, 115]
[177, 130]
164
115
177
130
0
[164, 115]
[177, 129]
164
115
177
129
0
[164, 114]
[178, 129]
164
114
178
129
0
[165, 114]
[178, 129]
165
114
178
129
0
[165, 115]
[178, 129]
165
115
178
129
0
[165, 114]
[179, 129]
165
114
179
129
0
[165, 114]
[179, 129]
165
114
179
129
0
[166, 115]
[180, 129]
166
115
180
129
0
[166, 115]
[180, 129]
166
115
180
129
0
[166, 115]
[180, 129]
166
115
180
129
0
[166, 115]
[181, 129]
166
115
181
129
0
[166, 116]
[181, 129]
166
116
181
129
0
[167, 116]
[181, 129]
167
116
181
129
0
[167, 116]
[181, 129]
167
116
181
129
0
[167, 117]
[182, 129]
167
117
182
129
0
[167, 117]
[182, 129]
167
117
182
129
0
[167, 118]
[182, 129]
167
118
182
129
0
[167, 118]
[183, 130]
167
118
183
130
0
[164, 118]
[184, 131]
164
118
184
131
0
[161, 118]
[185, 131]
161
118
185
131
0
[161, 118]
[186, 132]
161
118
186
132
0
[162, 118]
[187, 133]
162
118
187
133
0
[164, 117]
[189, 134]
164
117
189
134
0
[163, 117]
[192, 136]
163
117
192
136
0
[163, 116]
[194, 137]
163
116
194
137
0
[162, 115]
[194, 137]
162
115
194
137
0
[159, 114]
[193, 136]
159
114
193
136
0
[154, 114]
[193, 135]
154
114
193
135
0
[152, 111]
[191, 135]
152
111
191
135
0
[151, 111]
[190, 135]
151
111
190
135
0
[152, 111]
[188, 133]
152
111
188
133
0
[153, 113]
[172, 131]
153
113
172
131
0
[156, 114]
[169, 129]
156
114
169
129
Largest value of xl is ::194
Largest value of yp is ::153
Minimum value of xr is ::124
Minimum value of ya is ::111
Minimum value of zf is ::11
Largest value of zh is ::86
Pixel Spacing is :: 2, 2
Spacing bw Slices as per IPP :: 6

Slice Range:: 0 to 99
Pixel Range in each Slice:: 0 to 249, 0 to 249

d(v) = (dL, dR, dA, dP, dH, dF) 
d(v) = v - b(v) and v = (vx, vx, vy, vy, vz, vz)
b = (xl-1, xr, ya, yp-1, zh, zf)
b= (193, 124, 111, 152, 86, 11)
b2= (386, 248, 222, 304, 172, 22  )
bp = (372.19,259.47,221.901,309.039,511.334,51.7519)
bpindex = (186, 130, 111, 154, 85, 9 )
b6 = (386, 248, 222, 304, 516, 66  )

