0
[142, 91]
[174, 121]
142
91
174
121
0
[139, 89]
[179, 124]
139
89
179
124
0
[137, 88]
[180, 126]
137
88
180
126
0
[136, 87]
[181, 126]
136
87
181
126
0
[136, 88]
[181, 126]
136
88
181
126
0
[137, 88]
[181, 125]
137
88
181
125
0
[141, 89]
[179, 123]
141
89
179
123
0
[144, 91]
[178, 117]
144
91
178
117
0
[150, 91]
[177, 115]
150
91
177
115
0
[153, 92]
[177, 113]
153
92
177
113
0
[155, 93]
[177, 112]
155
93
177
112
0
[157, 93]
[177, 111]
157
93
177
111
0
[158, 93]
[177, 111]
158
93
177
111
0
[159, 93]
[177, 110]
159
93
177
110
0
[159, 94]
[177, 110]
159
94
177
110
0
[160, 94]
[177, 110]
160
94
177
110
0
[160, 94]
[177, 110]
160
94
177
110
0
[161, 94]
[177, 110]
161
94
177
110
0
[162, 94]
[177, 109]
162
94
177
109
0
[162, 95]
[178, 109]
162
95
178
109
0
[163, 95]
[178, 109]
163
95
178
109
0
[163, 95]
[178, 109]
163
95
178
109
0
[163, 95]
[178, 109]
163
95
178
109
0
[164, 95]
[179, 110]
164
95
179
110
0
[164, 95]
[179, 109]
164
95
179
109
0
[165, 96]
[179, 109]
165
96
179
109
0
[165, 96]
[180, 110]
165
96
180
110
0
[166, 97]
[180, 109]
166
97
180
109
0
[167, 97]
[181, 110]
167
97
181
110
0
[167, 98]
[181, 110]
167
98
181
110
0
[168, 98]
[181, 110]
168
98
181
110
0
[168, 98]
[181, 111]
168
98
181
111
0
[168, 99]
[181, 111]
168
99
181
111
0
[168, 99]
[182, 112]
168
99
182
112
0
[168, 100]
[182, 112]
168
100
182
112
0
[168, 100]
[182, 113]
168
100
182
113
0
[169, 100]
[182, 113]
169
100
182
113
0
[169, 100]
[183, 113]
169
100
183
113
0
[169, 101]
[183, 114]
169
101
183
114
0
[169, 102]
[183, 114]
169
102
183
114
0
[169, 102]
[183, 115]
169
102
183
115
0
[169, 103]
[183, 115]
169
103
183
115
0
[169, 103]
[183, 116]
169
103
183
116
0
[169, 104]
[184, 117]
169
104
184
117
0
[169, 104]
[184, 117]
169
104
184
117
0
[169, 105]
[184, 118]
169
105
184
118
0
[169, 106]
[184, 118]
169
106
184
118
0
[169, 107]
[183, 119]
169
107
183
119
0
[169, 108]
[183, 119]
169
108
183
119
0
[168, 109]
[183, 121]
168
109
183
121
0
[168, 109]
[183, 122]
168
109
183
122
0
[168, 110]
[183, 123]
168
110
183
123
0
[168, 111]
[183, 124]
168
111
183
124
0
[168, 112]
[182, 125]
168
112
182
125
0
[168, 113]
[182, 126]
168
113
182
126
0
[168, 114]
[182, 127]
168
114
182
127
0
[168, 115]
[182, 128]
168
115
182
128
0
[167, 116]
[181, 130]
167
116
181
130
0
[167, 117]
[181, 131]
167
117
181
131
0
[166, 118]
[181, 132]
166
118
181
132
0
[165, 119]
[181, 134]
165
119
181
134
0
[160, 119]
[182, 136]
160
119
182
136
0
[157, 120]
[182, 137]
157
120
182
137
0
[157, 121]
[184, 140]
157
121
184
140
0
[157, 121]
[186, 141]
157
121
186
141
0
[161, 122]
[188, 143]
161
122
188
143
0
[161, 122]
[188, 144]
161
122
188
144
0
[160, 122]
[189, 145]
160
122
189
145
0
[159, 122]
[188, 146]
159
122
188
146
0
[156, 118]
[187, 147]
156
118
187
147
0
[148, 117]
[186, 146]
148
117
186
146
0
[147, 116]
[184, 142]
147
116
184
142
0
[146, 114]
[172, 139]
146
114
172
139
0
[145, 114]
[172, 139]
145
114
172
139
0
[148, 115]
[169, 138]
148
115
169
138
0
[149, 117]
[168, 136]
149
117
168
136
0
[152, 120]
[165, 133]
152
120
165
133
Largest value of xl is ::189
Largest value of yp is ::147
Minimum value of xr is ::136
Minimum value of ya is ::87
Minimum value of zf is ::13
Largest value of zh is ::89
Pixel Spacing is :: 2, 2
Spacing bw Slices as per IPP :: 6

Slice Range:: 0 to 102
Pixel Range in each Slice:: 0 to 230, 0 to 230

d(v) = (dL, dR, dA, dP, dH, dF) 
d(v) = v - b(v) and v = (vx, vx, vy, vy, vz, vz)
b = (xl-1, xr, ya, yp-1, zh, zf)
b= (188, 136, 87, 146, 89, 13)
