0
[137, 118]
[142, 125]
137
118
142
125
0
[129, 111]
[168, 137]
129
111
168
137
0
[130, 110]
[167, 140]
130
110
167
140
0
[130, 109]
[169, 141]
130
109
169
141
0
[129, 109]
[170, 141]
129
109
170
141
0
[130, 109]
[170, 141]
130
109
170
141
0
[130, 110]
[168, 138]
130
110
168
138
0
[132, 110]
[167, 132]
132
110
167
132
0
[138, 110]
[166, 129]
138
110
166
129
0
[141, 110]
[165, 127]
141
110
165
127
0
[144, 110]
[165, 126]
144
110
165
126
0
[146, 109]
[165, 125]
146
109
165
125
0
[147, 108]
[165, 125]
147
108
165
125
0
[148, 108]
[165, 124]
148
108
165
124
0
[149, 108]
[166, 123]
149
108
166
123
0
[150, 107]
[166, 123]
150
107
166
123
0
[151, 107]
[167, 122]
151
107
167
122
0
[152, 106]
[167, 122]
152
106
167
122
0
[153, 106]
[167, 121]
153
106
167
121
0
[153, 106]
[167, 121]
153
106
167
121
0
[154, 106]
[168, 120]
154
106
168
120
0
[155, 105]
[168, 120]
155
105
168
120
0
[155, 105]
[169, 120]
155
105
169
120
0
[156, 105]
[170, 120]
156
105
170
120
0
[157, 105]
[170, 119]
157
105
170
119
0
[157, 105]
[171, 119]
157
105
171
119
0
[158, 105]
[171, 119]
158
105
171
119
0
[159, 104]
[172, 119]
159
104
172
119
0
[159, 104]
[172, 119]
159
104
172
119
0
[160, 104]
[173, 119]
160
104
173
119
0
[161, 104]
[174, 118]
161
104
174
118
0
[161, 104]
[174, 118]
161
104
174
118
0
[162, 104]
[175, 118]
162
104
175
118
0
[163, 103]
[175, 118]
163
103
175
118
0
[163, 103]
[176, 118]
163
103
176
118
0
[163, 103]
[176, 118]
163
103
176
118
0
[164, 103]
[177, 117]
164
103
177
117
0
[164, 103]
[177, 117]
164
103
177
117
0
[165, 103]
[178, 117]
165
103
178
117
0
[165, 103]
[178, 117]
165
103
178
117
0
[166, 103]
[178, 117]
166
103
178
117
0
[166, 103]
[179, 117]
166
103
179
117
0
[166, 103]
[180, 117]
166
103
180
117
0
[167, 103]
[180, 117]
167
103
180
117
0
[167, 103]
[180, 117]
167
103
180
117
0
[167, 103]
[181, 117]
167
103
181
117
0
[167, 103]
[181, 117]
167
103
181
117
0
[167, 103]
[181, 117]
167
103
181
117
0
[168, 104]
[182, 118]
168
104
182
118
0
[168, 104]
[182, 118]
168
104
182
118
0
[168, 104]
[183, 118]
168
104
183
118
0
[169, 105]
[183, 119]
169
105
183
119
0
[169, 105]
[183, 119]
169
105
183
119
0
[169, 105]
[184, 119]
169
105
184
119
0
[170, 105]
[184, 120]
170
105
184
120
0
[170, 106]
[184, 120]
170
106
184
120
0
[171, 106]
[185, 120]
171
106
185
120
0
[171, 106]
[185, 121]
171
106
185
121
0
[171, 107]
[186, 122]
171
107
186
122
0
[171, 107]
[186, 122]
171
107
186
122
0
[172, 107]
[187, 123]
172
107
187
123
0
[171, 107]
[187, 124]
171
107
187
124
0
[171, 107]
[188, 124]
171
107
188
124
0
[170, 107]
[188, 125]
170
107
188
125
0
[168, 107]
[189, 126]
168
107
189
126
0
[168, 107]
[189, 126]
168
107
189
126
0
[169, 106]
[192, 126]
169
106
192
126
0
[168, 105]
[193, 126]
168
105
193
126
0
[167, 104]
[194, 126]
167
104
194
126
0
[164, 103]
[194, 126]
164
103
194
126
0
[155, 99]
[193, 125]
155
99
193
125
0
[154, 96]
[192, 125]
154
96
192
125
0
[153, 96]
[191, 123]
153
96
191
123
0
[154, 96]
[189, 124]
154
96
189
124
0
[153, 97]
[188, 123]
153
97
188
123
0
[155, 99]
[171, 117]
155
99
171
117
0
[160, 103]
[169, 112]
160
103
169
112
Largest value of xl is ::194
Largest value of yp is ::141
Minimum value of xr is ::129
Minimum value of ya is ::96
Minimum value of zf is ::13
Largest value of zh is ::89
Pixel Spacing is :: 2, 2
Spacing bw Slices as per IPP :: 6

Slice Range:: 0 to 102
Pixel Range in each Slice:: 0 to 249, 0 to 249

d(v) = (dL, dR, dA, dP, dH, dF) 
d(v) = v - b(v) and v = (vx, vx, vy, vy, vz, vz)
b = (xl-1, xr, ya, yp-1, zh, zf)
b= (193,129,96,140,89,13)
