0
[142, 131]
[170, 142]
142
131
170
142
0
[136, 124]
[173, 147]
136
124
173
147
0
[136, 121]
[174, 151]
136
121
174
151
0
[135, 120]
[176, 152]
135
120
176
152
0
[134, 119]
[177, 152]
134
119
177
152
0
[135, 119]
[176, 151]
135
119
176
151
0
[134, 120]
[176, 148]
134
120
176
148
0
[137, 121]
[172, 142]
137
121
172
142
0
[143, 122]
[170, 139]
143
122
170
139
0
[145, 121]
[170, 138]
145
121
170
138
0
[146, 121]
[169, 137]
146
121
169
137
0
[148, 121]
[169, 136]
148
121
169
136
0
[149, 121]
[169, 136]
149
121
169
136
0
[151, 121]
[169, 135]
151
121
169
135
0
[152, 120]
[170, 135]
152
120
170
135
0
[153, 120]
[170, 135]
153
120
170
135
0
[154, 121]
[170, 134]
154
121
170
134
0
[155, 120]
[170, 134]
155
120
170
134
0
[156, 121]
[170, 133]
156
121
170
133
0
[156, 121]
[170, 133]
156
121
170
133
0
[157, 121]
[171, 133]
157
121
171
133
0
[157, 120]
[171, 133]
157
120
171
133
0
[158, 120]
[172, 133]
158
120
172
133
0
[159, 120]
[172, 133]
159
120
172
133
0
[159, 120]
[172, 133]
159
120
172
133
0
[160, 120]
[173, 133]
160
120
173
133
0
[160, 120]
[173, 133]
160
120
173
133
0
[160, 120]
[174, 133]
160
120
174
133
0
[161, 120]
[174, 133]
161
120
174
133
0
[161, 120]
[174, 133]
161
120
174
133
0
[162, 120]
[175, 133]
162
120
175
133
0
[162, 120]
[175, 133]
162
120
175
133
0
[162, 120]
[176, 133]
162
120
176
133
0
[163, 120]
[176, 133]
163
120
176
133
0
[163, 120]
[176, 133]
163
120
176
133
0
[164, 121]
[177, 133]
164
121
177
133
0
[164, 120]
[177, 133]
164
120
177
133
0
[164, 121]
[178, 133]
164
121
178
133
0
[165, 121]
[178, 133]
165
121
178
133
0
[165, 121]
[178, 133]
165
121
178
133
0
[166, 121]
[179, 133]
166
121
179
133
0
[166, 121]
[179, 133]
166
121
179
133
0
[167, 122]
[179, 133]
167
122
179
133
0
[167, 122]
[180, 134]
167
122
180
134
0
[167, 122]
[180, 134]
167
122
180
134
0
[168, 123]
[181, 135]
168
123
181
135
0
[168, 123]
[182, 136]
168
123
182
136
0
[168, 123]
[182, 136]
168
123
182
136
0
[169, 124]
[182, 136]
169
124
182
136
0
[170, 124]
[183, 137]
170
124
183
137
0
[170, 125]
[183, 137]
170
125
183
137
0
[171, 125]
[184, 138]
171
125
184
138
0
[171, 125]
[185, 138]
171
125
185
138
0
[172, 126]
[185, 138]
172
126
185
138
0
[172, 126]
[185, 139]
172
126
185
139
0
[172, 126]
[186, 139]
172
126
186
139
0
[172, 126]
[186, 140]
172
126
186
140
0
[172, 126]
[187, 140]
172
126
187
140
0
[172, 126]
[188, 141]
172
126
188
141
0
[171, 126]
[188, 142]
171
126
188
142
0
[169, 125]
[188, 143]
169
125
188
143
0
[168, 125]
[189, 143]
168
125
189
143
0
[170, 125]
[191, 142]
170
125
191
142
0
[169, 125]
[194, 142]
169
125
194
142
0
[168, 125]
[196, 142]
168
125
196
142
0
[167, 122]
[196, 143]
167
122
196
143
0
[165, 121]
[196, 143]
165
121
196
143
0
[155, 116]
[195, 142]
155
116
195
142
0
[154, 116]
[194, 141]
154
116
194
141
0
[154, 115]
[193, 141]
154
115
193
141
0
[155, 115]
[191, 141]
155
115
191
141
0
[155, 116]
[174, 136]
155
116
174
136
0
[156, 116]
[175, 136]
156
116
175
136
0
[159, 121]
[173, 133]
159
121
173
133
Largest value of xl is ::196
Largest value of yp is ::152
Minimum value of xr is ::134
Minimum value of ya is ::115
Minimum value of zf is ::13
Largest value of zh is ::86
Pixel Spacing is :: 2, 2
Spacing bw Slices as per IPP :: 6

Slice Range:: 0 to 99
Pixel Range in each Slice:: 0 to 249, 0 to 249

d(v) = (dL, dR, dA, dP, dH, dF) 
d(v) = v - b(v) and v = (vx, vx, vy, vy, vz, vz)
b = (xl-1, xr, ya, yp-1, zh, zf)
b= (195, 134, 115, 151, 86, 13)

