0
[158, 117]
[170, 130]
158
117
170
130
0
[156, 112]
[192, 136]
156
112
192
136
0
[154, 110]
[192, 140]
154
110
192
140
0
[156, 109]
[194, 141]
156
109
194
141
0
[155, 109]
[195, 141]
155
109
195
141
0
[155, 109]
[194, 140]
155
109
194
140
0
[155, 109]
[193, 137]
155
109
193
137
0
[156, 111]
[191, 132]
156
111
191
132
0
[161, 111]
[190, 131]
161
111
190
131
0
[164, 111]
[189, 129]
164
111
189
129
0
[165, 111]
[189, 128]
165
111
189
128
0
[167, 111]
[188, 128]
167
111
188
128
0
[168, 111]
[188, 127]
168
111
188
127
0
[168, 111]
[188, 127]
168
111
188
127
0
[169, 111]
[188, 126]
169
111
188
126
0
[169, 111]
[188, 126]
169
111
188
126
0
[170, 111]
[188, 126]
170
111
188
126
0
[170, 111]
[188, 126]
170
111
188
126
0
[171, 111]
[188, 126]
171
111
188
126
0
[171, 111]
[187, 126]
171
111
187
126
0
[172, 111]
[187, 126]
172
111
187
126
0
[172, 111]
[188, 126]
172
111
188
126
0
[172, 112]
[187, 126]
172
112
187
126
0
[173, 112]
[188, 126]
173
112
188
126
0
[173, 112]
[188, 126]
173
112
188
126
0
[174, 112]
[188, 126]
174
112
188
126
0
[174, 112]
[188, 126]
174
112
188
126
0
[174, 112]
[188, 126]
174
112
188
126
0
[175, 113]
[188, 125]
175
113
188
125
0
[175, 113]
[188, 126]
175
113
188
126
0
[175, 113]
[188, 126]
175
113
188
126
0
[176, 113]
[188, 126]
176
113
188
126
0
[176, 113]
[188, 126]
176
113
188
126
0
[176, 113]
[189, 126]
176
113
189
126
0
[176, 114]
[189, 126]
176
114
189
126
0
[176, 114]
[189, 126]
176
114
189
126
0
[176, 114]
[190, 126]
176
114
190
126
0
[177, 114]
[190, 126]
177
114
190
126
0
[177, 114]
[190, 126]
177
114
190
126
0
[177, 115]
[190, 127]
177
115
190
127
0
[177, 115]
[190, 127]
177
115
190
127
0
[177, 115]
[190, 127]
177
115
190
127
0
[177, 115]
[191, 128]
177
115
191
128
0
[178, 116]
[191, 128]
178
116
191
128
0
[178, 116]
[191, 129]
178
116
191
129
0
[178, 116]
[191, 129]
178
116
191
129
0
[178, 116]
[191, 130]
178
116
191
130
0
[178, 117]
[191, 131]
178
117
191
131
0
[178, 117]
[192, 131]
178
117
192
131
0
[178, 117]
[192, 132]
178
117
192
132
0
[179, 118]
[192, 132]
179
118
192
132
0
[178, 118]
[192, 133]
178
118
192
133
0
[178, 118]
[192, 133]
178
118
192
133
0
[177, 119]
[192, 134]
177
119
192
134
0
[175, 119]
[193, 134]
175
119
193
134
0
[172, 119]
[193, 135]
172
119
193
135
0
[171, 118]
[195, 135]
171
118
195
135
0
[171, 118]
[196, 137]
171
118
196
137
0
[174, 117]
[197, 137]
174
117
197
137
0
[173, 117]
[201, 139]
173
117
201
139
0
[171, 116]
[201, 139]
171
116
201
139
0
[168, 116]
[201, 139]
168
116
201
139
0
[160, 109]
[200, 138]
160
109
200
138
0
[159, 107]
[198, 138]
159
107
198
138
0
[158, 107]
[196, 138]
158
107
196
138
0
[160, 107]
[194, 134]
160
107
194
134
0
[161, 109]
[180, 127]
161
109
180
127
0
[165, 112]
[177, 124]
165
112
177
124
Largest value of xl is ::201
Largest value of yp is ::141
Minimum value of xr is ::154
Minimum value of ya is ::107
Minimum value of zf is ::8
Largest value of zh is ::75
Pixel Spacing is :: 2, 2
Spacing bw Slices as per IPP :: 6

Slice Range:: 0 to 87
Pixel Range in each Slice:: 0 to 249, 0 to 249

d(v) = (dL, dR, dA, dP, dH, dF) 
d(v) = v - b(v) and v = (vx, vx, vy, vy, vz, vz)
b = (xl-1, xr, ya, yp-1, zh, zf)
b= (200, 154, 107, 140, 75, 8)
