0
[131, 116]
[166, 135]
131
116
166
135
0
[128, 112]
[166, 141]
128
112
166
141
0
[128, 111]
[165, 142]
128
111
165
142
0
[127, 110]
[167, 143]
127
110
167
143
0
[127, 111]
[168, 144]
127
111
168
144
0
[127, 110]
[168, 143]
127
110
168
143
0
[128, 111]
[166, 141]
128
111
166
141
0
[129, 111]
[165, 136]
129
111
165
136
0
[136, 111]
[164, 134]
136
111
164
134
0
[138, 111]
[164, 132]
138
111
164
132
0
[140, 111]
[164, 130]
140
111
164
130
0
[142, 111]
[164, 129]
142
111
164
129
0
[143, 111]
[164, 128]
143
111
164
128
0
[145, 111]
[164, 128]
145
111
164
128
0
[146, 110]
[165, 128]
146
110
165
128
0
[147, 110]
[165, 127]
147
110
165
127
0
[148, 110]
[165, 126]
148
110
165
126
0
[149, 110]
[165, 126]
149
110
165
126
0
[150, 110]
[165, 125]
150
110
165
125
0
[150, 110]
[166, 125]
150
110
166
125
0
[151, 110]
[166, 125]
151
110
166
125
0
[152, 110]
[167, 125]
152
110
167
125
0
[153, 110]
[167, 125]
153
110
167
125
0
[153, 110]
[167, 125]
153
110
167
125
0
[154, 110]
[168, 125]
154
110
168
125
0
[155, 110]
[168, 125]
155
110
168
125
0
[155, 110]
[168, 125]
155
110
168
125
0
[156, 110]
[169, 125]
156
110
169
125
0
[156, 110]
[170, 125]
156
110
170
125
0
[156, 111]
[170, 125]
156
111
170
125
0
[156, 110]
[171, 125]
156
110
171
125
0
[157, 110]
[171, 125]
157
110
171
125
0
[157, 111]
[171, 125]
157
111
171
125
0
[158, 111]
[171, 125]
158
111
171
125
0
[158, 111]
[172, 125]
158
111
172
125
0
[158, 111]
[172, 125]
158
111
172
125
0
[159, 111]
[173, 125]
159
111
173
125
0
[159, 112]
[173, 125]
159
112
173
125
0
[160, 112]
[174, 125]
160
112
174
125
0
[160, 112]
[174, 125]
160
112
174
125
0
[161, 113]
[175, 125]
161
113
175
125
0
[161, 113]
[175, 126]
161
113
175
126
0
[161, 113]
[176, 126]
161
113
176
126
0
[162, 113]
[176, 127]
162
113
176
127
0
[162, 114]
[177, 127]
162
114
177
127
0
[163, 114]
[177, 128]
163
114
177
128
0
[163, 114]
[178, 129]
163
114
178
129
0
[164, 115]
[178, 130]
164
115
178
130
0
[164, 115]
[178, 131]
164
115
178
131
0
[165, 115]
[179, 131]
165
115
179
131
0
[165, 116]
[179, 131]
165
116
179
131
0
[165, 117]
[180, 131]
165
117
180
131
0
[165, 117]
[180, 132]
165
117
180
132
0
[166, 117]
[181, 132]
166
117
181
132
0
[166, 117]
[181, 133]
166
117
181
133
0
[165, 117]
[182, 133]
165
117
182
133
0
[160, 116]
[183, 134]
160
116
183
134
0
[159, 115]
[184, 134]
159
115
184
134
0
[160, 115]
[186, 135]
160
115
186
135
0
[164, 115]
[187, 136]
164
115
187
136
0
[165, 116]
[192, 137]
165
116
192
137
0
[163, 112]
[192, 138]
163
112
192
138
0
[160, 112]
[193, 137]
160
112
193
137
0
[157, 109]
[193, 137]
157
109
193
137
0
[153, 106]
[190, 137]
153
106
190
137
0
[151, 105]
[190, 139]
151
105
190
139
0
[152, 105]
[187, 137]
152
105
187
137
0
[154, 106]
[185, 129]
154
106
185
129
0
[154, 107]
[171, 125]
154
107
171
125
0
[161, 115]
[166, 119]
161
115
166
119
Largest value of xl is ::193
Largest value of yp is ::144
Minimum value of xr is ::127
Minimum value of ya is ::105
Minimum value of zf is ::13
Largest value of zh is ::82
Pixel Spacing is :: 2, 2
Spacing bw Slices as per IPP :: 6

Slice Range:: 0 to 95
Pixel Range in each Slice:: 0 to 247, 0 to 247

d(v) = (dL, dR, dA, dP, dH, dF) 
d(v) = v - b(v) and v = (vx, vx, vy, vy, vz, vz)
b = (xl-1, xr, ya, yp-1, zh, zf)
b= (192, 127, 105, 143, 82, 13)

