0
[137, 106]
[143, 115]
137
106
143
115
0
[133, 94]
[168, 121]
133
94
168
121
0
[133, 90]
[170, 123]
133
90
170
123
0
[132, 88]
[170, 125]
132
88
170
125
0
[131, 88]
[170, 125]
131
88
170
125
0
[131, 88]
[169, 123]
131
88
169
123
0
[132, 90]
[167, 115]
132
90
167
115
0
[136, 90]
[164, 110]
136
90
164
110
0
[139, 90]
[163, 108]
139
90
163
108
0
[141, 90]
[162, 106]
141
90
162
106
0
[142, 89]
[161, 106]
142
89
161
106
0
[143, 89]
[161, 106]
143
89
161
106
0
[144, 89]
[161, 105]
144
89
161
105
0
[144, 88]
[161, 105]
144
88
161
105
0
[145, 88]
[161, 104]
145
88
161
104
0
[146, 88]
[161, 104]
146
88
161
104
0
[146, 88]
[161, 103]
146
88
161
103
0
[147, 88]
[161, 103]
147
88
161
103
0
[147, 88]
[162, 102]
147
88
162
102
0
[148, 88]
[162, 101]
148
88
162
101
0
[149, 88]
[162, 101]
149
88
162
101
0
[149, 88]
[162, 101]
149
88
162
101
0
[150, 87]
[163, 101]
150
87
163
101
0
[150, 87]
[163, 101]
150
87
163
101
0
[150, 87]
[163, 100]
150
87
163
100
0
[151, 87]
[163, 100]
151
87
163
100
0
[151, 86]
[163, 100]
151
86
163
100
0
[152, 86]
[164, 100]
152
86
164
100
0
[152, 86]
[164, 99]
152
86
164
99
0
[152, 86]
[165, 99]
152
86
165
99
0
[153, 86]
[165, 99]
153
86
165
99
0
[153, 86]
[165, 99]
153
86
165
99
0
[154, 86]
[165, 99]
154
86
165
99
0
[154, 86]
[165, 99]
154
86
165
99
0
[154, 86]
[166, 99]
154
86
166
99
0
[154, 86]
[166, 98]
154
86
166
98
0
[155, 86]
[167, 99]
155
86
167
99
0
[155, 85]
[167, 99]
155
85
167
99
0
[155, 85]
[167, 99]
155
85
167
99
0
[155, 85]
[167, 99]
155
85
167
99
0
[156, 85]
[168, 99]
156
85
168
99
0
[156, 85]
[168, 99]
156
85
168
99
0
[156, 85]
[169, 98]
156
85
169
98
0
[156, 85]
[169, 99]
156
85
169
99
0
[157, 85]
[169, 98]
157
85
169
98
0
[157, 86]
[169, 99]
157
86
169
99
0
[157, 86]
[170, 98]
157
86
170
98
0
[158, 86]
[170, 98]
158
86
170
98
0
[158, 86]
[170, 99]
158
86
170
99
0
[159, 87]
[171, 99]
159
87
171
99
0
[159, 87]
[171, 99]
159
87
171
99
0
[159, 87]
[172, 100]
159
87
172
100
0
[160, 88]
[172, 100]
160
88
172
100
0
[160, 88]
[173, 100]
160
88
173
100
0
[160, 89]
[173, 101]
160
89
173
101
0
[161, 89]
[174, 101]
161
89
174
101
0
[161, 90]
[174, 101]
161
90
174
101
0
[161, 90]
[174, 102]
161
90
174
102
0
[161, 90]
[175, 103]
161
90
175
103
0
[161, 91]
[175, 103]
161
91
175
103
0
[161, 91]
[176, 104]
161
91
176
104
0
[160, 91]
[176, 104]
160
91
176
104
0
[158, 92]
[177, 106]
158
92
177
106
0
[156, 91]
[178, 107]
156
91
178
107
0
[157, 91]
[179, 106]
157
91
179
106
0
[157, 91]
[180, 106]
157
91
180
106
0
[157, 90]
[182, 107]
157
90
182
107
0
[155, 89]
[183, 107]
155
89
183
107
0
[153, 88]
[183, 107]
153
88
183
107
0
[150, 87]
[182, 106]
150
87
182
106
0
[141, 84]
[181, 106]
141
84
181
106
0
[139, 83]
[180, 105]
139
83
180
105
0
[139, 82]
[162, 104]
139
82
162
104
0
[139, 82]
[160, 104]
139
82
160
104
0
[140, 84]
[159, 103]
140
84
159
103
0
[142, 86]
[156, 100]
142
86
156
100
0
[148, 91]
[151, 94]
148
91
151
94
Largest value of xl is ::183
Largest value of yp is ::125
Minimum value of xr is ::131
Minimum value of ya is ::82
Minimum value of zf is ::13
Largest value of zh is ::89
Pixel Spacing is :: 2, 2
Spacing bw Slices as per IPP :: 6

Slice Range:: 0 to 102
Pixel Range in each Slice:: 0 to 208, 0 to 208

d(v) = (dL, dR, dA, dP, dH, dF) 
d(v) = v - b(v) and v = (vx, vx, vy, vy, vz, vz)
b = (xl-1, xr, ya, yp-1, zh, zf)
b= (182,131,82,124,89,13)























