0
[137, 126]
[170, 134]
137
126
170
134
0
[134, 114]
[173, 140]
134
114
173
140
0
[134, 109]
[173, 143]
134
109
173
143
0
[133, 108]
[175, 145]
133
108
175
145
0
[131, 106]
[175, 144]
131
106
175
144
0
[132, 106]
[175, 143]
132
106
175
143
0
[132, 107]
[174, 142]
132
107
174
142
0
[133, 108]
[170, 136]
133
108
170
136
0
[136, 110]
[169, 132]
136
110
169
132
0
[140, 110]
[168, 129]
140
110
168
129
0
[143, 110]
[168, 128]
143
110
168
128
0
[144, 111]
[167, 127]
144
111
167
127
0
[146, 111]
[167, 127]
146
111
167
127
0
[146, 111]
[167, 127]
146
111
167
127
0
[147, 110]
[167, 126]
147
110
167
126
0
[148, 110]
[167, 126]
148
110
167
126
0
[149, 110]
[167, 126]
149
110
167
126
0
[150, 110]
[167, 126]
150
110
167
126
0
[150, 110]
[167, 126]
150
110
167
126
0
[151, 110]
[168, 126]
151
110
168
126
0
[152, 110]
[168, 126]
152
110
168
126
0
[152, 110]
[168, 126]
152
110
168
126
0
[153, 110]
[168, 125]
153
110
168
125
0
[153, 110]
[169, 125]
153
110
169
125
0
[154, 109]
[169, 125]
154
109
169
125
0
[155, 109]
[169, 124]
155
109
169
124
0
[155, 109]
[169, 124]
155
109
169
124
0
[156, 109]
[169, 124]
156
109
169
124
0
[156, 109]
[170, 123]
156
109
170
123
0
[157, 108]
[170, 123]
157
108
170
123
0
[158, 108]
[171, 123]
158
108
171
123
0
[158, 108]
[171, 123]
158
108
171
123
0
[159, 108]
[171, 123]
159
108
171
123
0
[159, 107]
[172, 122]
159
107
172
122
0
[160, 107]
[172, 122]
160
107
172
122
0
[160, 107]
[172, 122]
160
107
172
122
0
[161, 107]
[173, 121]
161
107
173
121
0
[161, 107]
[173, 121]
161
107
173
121
0
[162, 106]
[174, 121]
162
106
174
121
0
[163, 106]
[174, 121]
163
106
174
121
0
[163, 106]
[174, 120]
163
106
174
120
0
[164, 106]
[175, 120]
164
106
175
120
0
[164, 106]
[175, 120]
164
106
175
120
0
[164, 106]
[176, 120]
164
106
176
120
0
[165, 106]
[176, 120]
165
106
176
120
0
[165, 106]
[177, 120]
165
106
177
120
0
[166, 106]
[178, 120]
166
106
178
120
0
[166, 106]
[178, 120]
166
106
178
120
0
[167, 106]
[179, 120]
167
106
179
120
0
[167, 106]
[179, 120]
167
106
179
120
0
[167, 106]
[180, 120]
167
106
180
120
0
[167, 106]
[180, 121]
167
106
180
121
0
[168, 107]
[181, 120]
168
107
181
120
0
[169, 107]
[181, 121]
169
107
181
121
0
[169, 107]
[182, 121]
169
107
182
121
0
[170, 108]
[182, 120]
170
108
182
120
0
[170, 108]
[183, 121]
170
108
183
121
0
[170, 108]
[183, 121]
170
108
183
121
0
[171, 109]
[184, 121]
171
109
184
121
0
[172, 109]
[185, 122]
172
109
185
122
0
[172, 109]
[186, 122]
172
109
186
122
0
[172, 110]
[186, 122]
172
110
186
122
0
[173, 110]
[187, 122]
173
110
187
122
0
[172, 110]
[187, 123]
172
110
187
123
0
[173, 111]
[187, 123]
173
111
187
123
0
[173, 111]
[188, 124]
173
111
188
124
0
[173, 111]
[188, 124]
173
111
188
124
0
[172, 111]
[188, 124]
172
111
188
124
0
[170, 112]
[189, 124]
170
112
189
124
0
[168, 111]
[190, 125]
168
111
190
125
0
[166, 111]
[191, 125]
166
111
191
125
0
[166, 110]
[193, 126]
166
110
193
126
0
[168, 110]
[195, 126]
168
110
195
126
0
[171, 109]
[198, 126]
171
109
198
126
0
[171, 109]
[200, 127]
171
109
200
127
0
[170, 108]
[200, 128]
170
108
200
128
0
[169, 106]
[200, 129]
169
106
200
129
0
[167, 106]
[200, 128]
167
106
200
128
0
[159, 101]
[199, 128]
159
101
199
128
0
[157, 99]
[198, 128]
157
99
198
128
0
[156, 98]
[196, 127]
156
98
196
127
0
[157, 98]
[180, 123]
157
98
180
123
0
[158, 99]
[179, 122]
158
99
179
122
0
[159, 101]
[178, 120]
159
101
178
120
0
[163, 105]
[174, 116]
163
105
174
116
Largest value of xl is ::200
Largest value of yp is ::145
Minimum value of xr is ::131
Minimum value of ya is ::98
Minimum value of zf is ::10
Largest value of zh is ::94
Pixel Spacing is :: 2, 2
Spacing bw Slices as per IPP :: 6

Slice Range:: 0 to 107
Pixel Range in each Slice:: 0 to 249, 0 to 249

d(v) = (dL, dR, dA, dP, dH, dF) 
d(v) = v - b(v) and v = (vx, vx, vy, vy, vz, vz)
b = (xl-1, xr, ya, yp-1, zh, zf)
b= (199, 131, 98, 144, 94, 10 )
