0
[119, 103]
[128, 115]
119
103
128
115
0
[117, 96]
[154, 119]
117
96
154
119
0
[116, 93]
[154, 123]
116
93
154
123
0
[115, 91]
[156, 124]
115
91
156
124
0
[115, 90]
[156, 124]
115
90
156
124
0
[115, 89]
[156, 123]
115
89
156
123
0
[115, 91]
[156, 121]
115
91
156
121
0
[117, 93]
[153, 116]
117
93
153
116
0
[121, 93]
[151, 113]
121
93
151
113
0
[124, 93]
[149, 112]
124
93
149
112
0
[126, 93]
[149, 110]
126
93
149
110
0
[128, 93]
[148, 110]
128
93
148
110
0
[129, 93]
[148, 109]
129
93
148
109
0
[131, 93]
[148, 109]
131
93
148
109
0
[131, 93]
[148, 108]
131
93
148
108
0
[132, 93]
[148, 108]
132
93
148
108
0
[133, 93]
[148, 108]
133
93
148
108
0
[134, 93]
[148, 108]
134
93
148
108
0
[134, 93]
[148, 107]
134
93
148
107
0
[134, 93]
[149, 107]
134
93
149
107
0
[135, 93]
[149, 107]
135
93
149
107
0
[136, 93]
[149, 106]
136
93
149
106
0
[136, 93]
[149, 106]
136
93
149
106
0
[137, 92]
[149, 106]
137
92
149
106
0
[137, 92]
[150, 106]
137
92
150
106
0
[138, 92]
[150, 106]
138
92
150
106
0
[138, 92]
[150, 106]
138
92
150
106
0
[139, 92]
[150, 105]
139
92
150
105
0
[139, 92]
[150, 105]
139
92
150
105
0
[140, 91]
[151, 105]
140
91
151
105
0
[140, 91]
[151, 105]
140
91
151
105
0
[141, 91]
[151, 105]
141
91
151
105
0
[141, 91]
[152, 105]
141
91
152
105
0
[141, 91]
[152, 104]
141
91
152
104
0
[142, 91]
[152, 104]
142
91
152
104
0
[142, 91]
[153, 105]
142
91
153
105
0
[143, 91]
[153, 105]
143
91
153
105
0
[143, 91]
[153, 105]
143
91
153
105
0
[143, 91]
[154, 104]
143
91
154
104
0
[143, 91]
[154, 105]
143
91
154
105
0
[144, 91]
[154, 105]
144
91
154
105
0
[144, 92]
[155, 105]
144
92
155
105
0
[145, 91]
[155, 105]
145
91
155
105
0
[145, 92]
[156, 105]
145
92
156
105
0
[145, 92]
[156, 105]
145
92
156
105
0
[145, 92]
[156, 105]
145
92
156
105
0
[146, 92]
[157, 105]
146
92
157
105
0
[146, 92]
[157, 105]
146
92
157
105
0
[146, 92]
[157, 105]
146
92
157
105
0
[147, 93]
[158, 105]
147
93
158
105
0
[147, 93]
[159, 105]
147
93
159
105
0
[147, 93]
[159, 105]
147
93
159
105
0
[148, 93]
[159, 105]
148
93
159
105
0
[148, 93]
[160, 106]
148
93
160
106
0
[148, 93]
[160, 106]
148
93
160
106
0
[148, 93]
[161, 107]
148
93
161
107
0
[149, 94]
[161, 107]
149
94
161
107
0
[149, 95]
[161, 107]
149
95
161
107
0
[149, 95]
[162, 107]
149
95
162
107
0
[150, 96]
[162, 108]
150
96
162
108
0
[150, 96]
[163, 108]
150
96
163
108
0
[150, 97]
[163, 109]
150
97
163
109
0
[150, 97]
[163, 110]
150
97
163
110
0
[151, 98]
[164, 110]
151
98
164
110
0
[151, 99]
[164, 110]
151
99
164
110
0
[151, 99]
[165, 111]
151
99
165
111
0
[152, 99]
[165, 112]
152
99
165
112
0
[152, 100]
[166, 113]
152
100
166
113
0
[150, 101]
[167, 115]
150
101
167
115
0
[148, 99]
[168, 116]
148
99
168
116
0
[148, 99]
[170, 116]
148
99
170
116
0
[149, 99]
[172, 116]
149
99
172
116
0
[149, 98]
[174, 117]
149
98
174
117
0
[149, 98]
[177, 117]
149
98
177
117
0
[148, 97]
[177, 117]
148
97
177
117
0
[147, 96]
[177, 117]
147
96
177
117
0
[144, 94]
[176, 118]
144
94
176
118
0
[139, 92]
[175, 117]
139
92
175
117
0
[137, 90]
[173, 117]
137
90
173
117
0
[136, 90]
[160, 112]
136
90
160
112
0
[136, 89]
[159, 112]
136
89
159
112
0
[137, 90]
[158, 112]
137
90
158
112
0
[139, 92]
[156, 111]
139
92
156
111
0
[142, 95]
[153, 107]
142
95
153
107
Largest value of xl is ::177
Largest value of yp is ::124
Minimum value of xr is ::115
Minimum value of ya is ::89
Minimum value of zf is ::9
Largest value of zh is ::92
Pixel Spacing is :: 2, 2
Spacing bw Slices as per IPP :: 6

Slice Range:: 0 to 104
Pixel Range in each Slice:: 0 to 208, 0 to 208

d(v) = (dL, dR, dA, dP, dH, dF) 
d(v) = v - b(v) and v = (vx, vx, vy, vy, vz, vz)
b = (xl-1, xr, ya, yp-1, zh, zf)
b= (176,115,89,123,92,9)




