0
[146, 111]
[182, 119]
146
111
182
119
0
[143, 103]
[180, 125]
143
103
180
125
0
[143, 99]
[181, 128]
143
99
181
128
0
[142, 97]
[182, 129]
142
97
182
129
0
[141, 95]
[183, 130]
141
95
183
130
0
[141, 95]
[183, 130]
141
95
183
130
0
[140, 96]
[184, 129]
140
96
184
129
0
[141, 97]
[182, 125]
141
97
182
125
0
[144, 97]
[179, 120]
144
97
179
120
0
[148, 97]
[177, 118]
148
97
177
118
0
[150, 97]
[177, 116]
150
97
177
116
0
[151, 97]
[176, 115]
151
97
176
115
0
[152, 97]
[176, 114]
152
97
176
114
0
[154, 96]
[176, 114]
154
96
176
114
0
[155, 96]
[176, 113]
155
96
176
113
0
[156, 96]
[176, 113]
156
96
176
113
0
[157, 96]
[176, 112]
157
96
176
112
0
[158, 96]
[176, 112]
158
96
176
112
0
[158, 96]
[176, 112]
158
96
176
112
0
[159, 96]
[176, 111]
159
96
176
111
0
[160, 96]
[176, 111]
160
96
176
111
0
[160, 95]
[176, 111]
160
95
176
111
0
[161, 95]
[177, 110]
161
95
177
110
0
[161, 95]
[177, 110]
161
95
177
110
0
[162, 95]
[177, 110]
162
95
177
110
0
[162, 95]
[177, 110]
162
95
177
110
0
[162, 95]
[177, 110]
162
95
177
110
0
[163, 95]
[177, 110]
163
95
177
110
0
[164, 95]
[178, 109]
164
95
178
109
0
[164, 95]
[178, 109]
164
95
178
109
0
[165, 94]
[178, 109]
165
94
178
109
0
[164, 93]
[179, 109]
164
93
179
109
0
[165, 94]
[179, 109]
165
94
179
109
0
[165, 93]
[179, 109]
165
93
179
109
0
[165, 93]
[179, 108]
165
93
179
108
0
[166, 93]
[179, 108]
166
93
179
108
0
[166, 93]
[180, 108]
166
93
180
108
0
[166, 93]
[180, 108]
166
93
180
108
0
[167, 93]
[181, 108]
167
93
181
108
0
[167, 92]
[181, 108]
167
92
181
108
0
[168, 93]
[181, 107]
168
93
181
107
0
[169, 93]
[182, 107]
169
93
182
107
0
[169, 92]
[182, 107]
169
92
182
107
0
[169, 92]
[183, 107]
169
92
183
107
0
[169, 92]
[183, 107]
169
92
183
107
0
[170, 92]
[183, 106]
170
92
183
106
0
[170, 92]
[184, 106]
170
92
184
106
0
[171, 92]
[184, 106]
171
92
184
106
0
[171, 92]
[185, 106]
171
92
185
106
0
[171, 92]
[185, 107]
171
92
185
107
0
[171, 92]
[186, 106]
171
92
186
106
0
[172, 92]
[186, 107]
172
92
186
107
0
[172, 92]
[186, 106]
172
92
186
106
0
[173, 92]
[187, 106]
173
92
187
106
0
[173, 92]
[187, 106]
173
92
187
106
0
[174, 93]
[187, 107]
174
93
187
107
0
[174, 93]
[188, 107]
174
93
188
107
0
[174, 93]
[189, 107]
174
93
189
107
0
[175, 93]
[189, 107]
175
93
189
107
0
[175, 93]
[190, 108]
175
93
190
108
0
[175, 94]
[190, 108]
175
94
190
108
0
[176, 94]
[191, 108]
176
94
191
108
0
[176, 94]
[191, 108]
176
94
191
108
0
[176, 94]
[192, 108]
176
94
192
108
0
[176, 94]
[193, 109]
176
94
193
109
0
[177, 95]
[193, 109]
177
95
193
109
0
[176, 94]
[194, 109]
176
94
194
109
0
[176, 94]
[195, 110]
176
94
195
110
0
[175, 94]
[195, 112]
175
94
195
112
0
[173, 94]
[196, 113]
173
94
196
113
0
[173, 94]
[198, 113]
173
94
198
113
0
[175, 94]
[200, 112]
175
94
200
112
0
[174, 93]
[202, 110]
174
93
202
110
0
[173, 91]
[204, 111]
173
91
204
111
0
[172, 90]
[204, 111]
172
90
204
111
0
[169, 88]
[203, 110]
169
88
203
110
0
[163, 88]
[202, 110]
163
88
202
110
0
[160, 88]
[201, 110]
160
88
201
110
0
[159, 87]
[200, 111]
159
87
200
111
0
[159, 87]
[196, 111]
159
87
196
111
0
[159, 87]
[181, 111]
159
87
181
111
0
[160, 87]
[181, 110]
160
87
181
110
0
[162, 91]
[179, 109]
162
91
179
109
0
[167, 96]
[174, 104]
167
96
174
104
Largest value of xl is ::204
Largest value of yp is ::130
Minimum value of xr is ::140
Minimum value of ya is ::87
Minimum value of zf is ::9
Largest value of zh is ::92
Pixel Spacing is :: 2, 2
Spacing bw Slices as per IPP :: 6

Slice Range:: 0 to 105
Pixel Range in each Slice:: 0 to 246, 0 to 246

d(v) = (dL, dR, dA, dP, dH, dF) 
d(v) = v - b(v) and v = (vx, vx, vy, vy, vz, vz)
b = (xl-1, xr, ya, yp-1, zh, zf)
b= (203, 140, 87, 129, 92, 9)
