0
[131, 126]
[141, 136]
131
126
141
136
0
[128, 118]
[163, 141]
128
118
163
141
0
[128, 117]
[165, 147]
128
117
165
147
0
[126, 115]
[165, 148]
126
115
165
148
0
[127, 117]
[166, 148]
127
117
166
148
0
[128, 117]
[166, 147]
128
117
166
147
0
[130, 118]
[165, 144]
130
118
165
144
0
[132, 119]
[163, 139]
132
119
163
139
0
[136, 119]
[162, 138]
136
119
162
138
0
[138, 119]
[162, 136]
138
119
162
136
0
[139, 119]
[161, 135]
139
119
161
135
0
[141, 119]
[161, 134]
141
119
161
134
0
[141, 119]
[161, 134]
141
119
161
134
0
[142, 118]
[161, 133]
142
118
161
133
0
[143, 118]
[161, 133]
143
118
161
133
0
[144, 118]
[161, 133]
144
118
161
133
0
[144, 118]
[161, 132]
144
118
161
132
0
[145, 119]
[161, 132]
145
119
161
132
0
[145, 119]
[161, 132]
145
119
161
132
0
[146, 119]
[161, 132]
146
119
161
132
0
[146, 119]
[161, 132]
146
119
161
132
0
[147, 119]
[161, 132]
147
119
161
132
0
[147, 119]
[161, 132]
147
119
161
132
0
[148, 119]
[162, 132]
148
119
162
132
0
[148, 119]
[162, 132]
148
119
162
132
0
[149, 119]
[162, 132]
149
119
162
132
0
[149, 119]
[162, 131]
149
119
162
131
0
[150, 120]
[163, 131]
150
120
163
131
0
[150, 120]
[163, 131]
150
120
163
131
0
[150, 120]
[163, 131]
150
120
163
131
0
[151, 120]
[164, 131]
151
120
164
131
0
[151, 120]
[164, 131]
151
120
164
131
0
[152, 120]
[165, 132]
152
120
165
132
0
[152, 121]
[165, 132]
152
121
165
132
0
[152, 121]
[165, 132]
152
121
165
132
0
[153, 121]
[166, 131]
153
121
166
131
0
[153, 121]
[166, 132]
153
121
166
132
0
[153, 121]
[167, 132]
153
121
167
132
0
[154, 121]
[167, 132]
154
121
167
132
0
[154, 121]
[167, 132]
154
121
167
132
0
[154, 122]
[168, 132]
154
122
168
132
0
[154, 122]
[168, 132]
154
122
168
132
0
[154, 122]
[168, 133]
154
122
168
133
0
[154, 122]
[169, 133]
154
122
169
133
0
[155, 123]
[169, 133]
155
123
169
133
0
[155, 123]
[169, 134]
155
123
169
134
0
[156, 123]
[169, 134]
156
123
169
134
0
[156, 123]
[170, 134]
156
123
170
134
0
[156, 123]
[170, 135]
156
123
170
135
0
[156, 124]
[170, 135]
156
124
170
135
0
[156, 124]
[170, 135]
156
124
170
135
0
[156, 124]
[170, 136]
156
124
170
136
0
[156, 125]
[170, 136]
156
125
170
136
0
[156, 124]
[170, 137]
156
124
170
137
0
[156, 125]
[170, 137]
156
125
170
137
0
[156, 125]
[170, 138]
156
125
170
138
0
[156, 125]
[170, 139]
156
125
170
139
0
[156, 125]
[170, 139]
156
125
170
139
0
[155, 125]
[171, 140]
155
125
171
140
0
[153, 124]
[171, 142]
153
124
171
142
0
[152, 124]
[172, 143]
152
124
172
143
0
[152, 123]
[172, 142]
152
123
172
142
0
[150, 123]
[174, 143]
150
123
174
143
0
[148, 123]
[175, 143]
148
123
175
143
0
[143, 122]
[176, 143]
143
122
176
143
0
[136, 116]
[174, 142]
136
116
174
142
0
[135, 114]
[174, 142]
135
114
174
142
0
[135, 113]
[172, 143]
135
113
172
143
0
[136, 114]
[170, 136]
136
114
170
136
0
[136, 115]
[154, 133]
136
115
154
133
0
[139, 119]
[151, 130]
139
119
151
130
Largest value of xl is ::176
Largest value of yp is ::148
Minimum value of xr is ::126
Minimum value of ya is ::113
Minimum value of zf is ::6
Largest value of zh is ::76
Pixel Spacing is :: 2, 2
Spacing bw Slices as per IPP :: 6

Slice Range:: 0 to 89
Pixel Range in each Slice:: 0 to 208, 0 to 208

d(v) = (dL, dR, dA, dP, dH, dF) 
d(v) = v - b(v) and v = (vx, vx, vy, vy, vz, vz)
b = (xl-1, xr, ya, yp-1, zh, zf)
b= (175, 126, 113, 147, 76, 6)




