0
[115, 81]
[119, 86]
115
81
119
86
0
[108, 71]
[146, 95]
108
71
146
95
0
[107, 68]
[146, 98]
107
68
146
98
0
[107, 67]
[148, 99]
107
67
148
99
0
[107, 67]
[148, 100]
107
67
148
100
0
[107, 67]
[148, 98]
107
67
148
98
0
[107, 67]
[148, 98]
107
67
148
98
0
[110, 68]
[146, 92]
110
68
146
92
0
[115, 70]
[144, 90]
115
70
144
90
0
[118, 70]
[142, 89]
118
70
142
89
0
[120, 70]
[142, 88]
120
70
142
88
0
[121, 70]
[141, 88]
121
70
141
88
0
[122, 71]
[141, 88]
122
71
141
88
0
[123, 71]
[141, 87]
123
71
141
87
0
[124, 71]
[141, 87]
124
71
141
87
0
[125, 71]
[141, 87]
125
71
141
87
0
[125, 71]
[141, 87]
125
71
141
87
0
[126, 72]
[141, 87]
126
72
141
87
0
[126, 72]
[141, 87]
126
72
141
87
0
[126, 72]
[141, 88]
126
72
141
88
0
[127, 72]
[141, 88]
127
72
141
88
0
[127, 73]
[141, 88]
127
73
141
88
0
[127, 73]
[141, 88]
127
73
141
88
0
[128, 73]
[141, 88]
128
73
141
88
0
[128, 74]
[141, 88]
128
74
141
88
0
[129, 74]
[141, 88]
129
74
141
88
0
[129, 74]
[141, 89]
129
74
141
89
0
[129, 74]
[142, 89]
129
74
142
89
0
[129, 75]
[142, 90]
129
75
142
90
0
[130, 75]
[142, 90]
130
75
142
90
0
[130, 75]
[142, 91]
130
75
142
91
0
[130, 76]
[143, 91]
130
76
143
91
0
[130, 76]
[143, 92]
130
76
143
92
0
[131, 77]
[143, 92]
131
77
143
92
0
[131, 77]
[143, 92]
131
77
143
92
0
[131, 77]
[143, 92]
131
77
143
92
0
[131, 78]
[143, 93]
131
78
143
93
0
[131, 78]
[143, 93]
131
78
143
93
0
[132, 78]
[143, 94]
132
78
143
94
0
[132, 79]
[144, 94]
132
79
144
94
0
[132, 79]
[144, 94]
132
79
144
94
0
[132, 79]
[144, 95]
132
79
144
95
0
[132, 80]
[144, 95]
132
80
144
95
0
[132, 81]
[144, 96]
132
81
144
96
0
[133, 81]
[144, 96]
133
81
144
96
0
[133, 82]
[144, 97]
133
82
144
97
0
[133, 82]
[144, 98]
133
82
144
98
0
[133, 83]
[144, 98]
133
83
144
98
0
[133, 84]
[145, 99]
133
84
145
99
0
[133, 85]
[145, 99]
133
85
145
99
0
[133, 85]
[145, 100]
133
85
145
100
0
[133, 86]
[145, 101]
133
86
145
101
0
[133, 87]
[145, 102]
133
87
145
102
0
[133, 88]
[145, 103]
133
88
145
103
0
[132, 88]
[146, 104]
132
88
146
104
0
[132, 89]
[146, 105]
132
89
146
105
0
[132, 90]
[146, 106]
132
90
146
106
0
[130, 91]
[146, 106]
130
91
146
106
0
[129, 91]
[147, 107]
129
91
147
107
0
[126, 91]
[148, 108]
126
91
148
108
0
[126, 92]
[148, 109]
126
92
148
109
0
[126, 91]
[150, 111]
126
91
150
111
0
[128, 92]
[155, 113]
128
92
155
113
0
[129, 91]
[155, 115]
129
91
155
115
0
[129, 92]
[154, 114]
129
92
154
114
0
[128, 89]
[154, 115]
128
89
154
115
0
[125, 88]
[154, 115]
125
88
154
115
0
[119, 84]
[153, 116]
119
84
153
116
0
[117, 83]
[151, 113]
117
83
151
113
0
[117, 82]
[141, 105]
117
82
141
105
0
[117, 82]
[141, 105]
117
82
141
105
0
[119, 84]
[140, 104]
119
84
140
104
0
[120, 87]
[138, 103]
120
87
138
103
0
[124, 90]
[134, 98]
124
90
134
98
Largest value of xl is ::155
Largest value of yp is ::116
Minimum value of xr is ::107
Minimum value of ya is ::67
Minimum value of zf is ::13
Largest value of zh is ::86
Pixel Spacing is :: 2, 2
Spacing bw Slices as per IPP :: 6

Slice Range:: 0 to 99
Pixel Range in each Slice:: 0 to 164, 0 to 164

d(v) = (dL, dR, dA, dP, dH, dF) 
d(v) = v - b(v) and v = (vx, vx, vy, vy, vz, vz)
b = (xl-1, xr, ya, yp-1, zh, zf)
b= (154,107,67,115,86,13)



