0
[134, 87]
[145, 99]
134
87
145
99
0
[132, 81]
[171, 105]
132
81
171
105
0
[131, 79]
[171, 109]
131
79
171
109
0
[131, 77]
[173, 110]
131
77
173
110
0
[130, 76]
[174, 111]
130
76
174
111
0
[129, 77]
[173, 110]
129
77
173
110
0
[129, 77]
[172, 108]
129
77
172
108
0
[132, 79]
[169, 104]
132
79
169
104
0
[133, 80]
[167, 101]
133
80
167
101
0
[139, 80]
[167, 100]
139
80
167
100
0
[142, 81]
[165, 98]
142
81
165
98
0
[144, 81]
[165, 98]
144
81
165
98
0
[145, 81]
[165, 98]
145
81
165
98
0
[146, 82]
[164, 98]
146
82
164
98
0
[146, 82]
[164, 98]
146
82
164
98
0
[147, 82]
[164, 98]
147
82
164
98
0
[147, 82]
[164, 98]
147
82
164
98
0
[148, 82]
[164, 98]
148
82
164
98
0
[148, 82]
[164, 98]
148
82
164
98
0
[149, 83]
[164, 97]
149
83
164
97
0
[149, 83]
[164, 98]
149
83
164
98
0
[150, 83]
[164, 98]
150
83
164
98
0
[150, 83]
[164, 98]
150
83
164
98
0
[151, 84]
[164, 98]
151
84
164
98
0
[151, 84]
[165, 98]
151
84
165
98
0
[151, 84]
[165, 98]
151
84
165
98
0
[151, 84]
[165, 98]
151
84
165
98
0
[151, 84]
[165, 98]
151
84
165
98
0
[152, 84]
[165, 99]
152
84
165
99
0
[152, 84]
[165, 99]
152
84
165
99
0
[152, 84]
[166, 100]
152
84
166
100
0
[152, 85]
[166, 100]
152
85
166
100
0
[153, 85]
[166, 100]
153
85
166
100
0
[153, 85]
[166, 100]
153
85
166
100
0
[153, 85]
[167, 100]
153
85
167
100
0
[153, 86]
[167, 100]
153
86
167
100
0
[153, 86]
[167, 101]
153
86
167
101
0
[154, 86]
[167, 101]
154
86
167
101
0
[154, 87]
[167, 101]
154
87
167
101
0
[154, 87]
[167, 102]
154
87
167
102
0
[154, 87]
[167, 102]
154
87
167
102
0
[154, 88]
[168, 102]
154
88
168
102
0
[154, 88]
[168, 103]
154
88
168
103
0
[154, 88]
[168, 104]
154
88
168
104
0
[154, 89]
[168, 104]
154
89
168
104
0
[154, 89]
[168, 104]
154
89
168
104
0
[154, 90]
[168, 105]
154
90
168
105
0
[154, 90]
[168, 106]
154
90
168
106
0
[155, 91]
[168, 107]
155
91
168
107
0
[155, 92]
[168, 107]
155
92
168
107
0
[155, 92]
[168, 108]
155
92
168
108
0
[155, 92]
[168, 109]
155
92
168
109
0
[155, 93]
[168, 109]
155
93
168
109
0
[154, 94]
[168, 111]
154
94
168
111
0
[154, 95]
[169, 111]
154
95
169
111
0
[154, 95]
[169, 112]
154
95
169
112
0
[154, 96]
[169, 112]
154
96
169
112
0
[154, 97]
[169, 113]
154
97
169
113
0
[153, 98]
[169, 114]
153
98
169
114
0
[152, 99]
[170, 114]
152
99
170
114
0
[148, 99]
[170, 115]
148
99
170
115
0
[146, 100]
[170, 116]
146
100
170
116
0
[144, 100]
[171, 117]
144
100
171
117
0
[146, 100]
[173, 117]
146
100
173
117
0
[148, 100]
[175, 119]
148
100
175
119
0
[148, 101]
[178, 120]
148
101
178
120
0
[146, 100]
[178, 122]
146
100
178
122
0
[142, 98]
[176, 122]
142
98
176
122
0
[135, 93]
[176, 122]
135
93
176
122
0
[133, 91]
[174, 123]
133
91
174
123
0
[132, 90]
[173, 123]
132
90
173
123
0
[132, 91]
[172, 119]
132
91
172
119
0
[133, 92]
[157, 114]
133
92
157
114
0
[135, 93]
[154, 112]
135
93
154
112
0
[137, 96]
[151, 109]
137
96
151
109
Largest value of xl is ::178
Largest value of yp is ::123
Minimum value of xr is ::129
Minimum value of ya is ::76
Minimum value of zf is ::5
Largest value of zh is ::79
Pixel Spacing is :: 2, 2
Spacing bw Slices as per IPP :: 6

Slice Range:: 0 to 92
Pixel Range in each Slice:: 0 to 194, 0 to 194

d(v) = (dL, dR, dA, dP, dH, dF) 
d(v) = v - b(v) and v = (vx, vx, vy, vy, vz, vz)
b = (xl-1, xr, ya, yp-1, zh, zf)
b= (177,129,76,122,79,5)





